	    YEAR          CO2 in PPM
1993   1    1993.042      356.86
1993   2    1993.125      357.27
1993   3    1993.208      358.36
1993   4    1993.292      359.27
1993   5    1993.375      360.19
1993   6    1993.458      359.52
1993   7    1993.542      357.42
1993   8    1993.625      355.46
1993   9    1993.708      354.10
1993  10    1993.792      354.12
1993  11    1993.875      355.40
1993  12    1993.958      356.84
1994   1    1994.042      358.22
1994   2    1994.125      358.98
1994   3    1994.208      359.91
1994   4    1994.292      361.32
1994   5    1994.375      361.68
1994   6    1994.458      360.80
1994   7    1994.542      359.39
1994   8    1994.625      357.42
1994   9    1994.708      355.63
1994  10    1994.792      356.09
1994  11    1994.875      357.56
1994  12    1994.958      358.87
1995   1    1995.042      359.87
1995   2    1995.125      360.79
1995   3    1995.208      361.77
1995   4    1995.292      363.23
1995   5    1995.375      363.77
1995   6    1995.458      363.22
1995   7    1995.542      361.70
1995   8    1995.625      359.11
1995   9    1995.708      358.11
1995  10    1995.792      357.97
1995  11    1995.875      359.40
1995  12    1995.958      360.61
1996   1    1996.042      362.04
1996   2    1996.125      363.17
1996   3    1996.208      364.17
1996   4    1996.292      364.51
1996   5    1996.375      365.16
1996   6    1996.458      364.93
1996   7    1996.542      363.53
1996   8    1996.625      361.38
1996   9    1996.708      359.60
1996  10    1996.792      359.54
1996  11    1996.875      360.84
1996  12    1996.958      362.18
1997   1    1997.042      363.04
1997   2    1997.125      364.09
1997   3    1997.208      364.47
1997   4    1997.292      366.25
1997   5    1997.375      366.69
1997   6    1997.458      365.59
1997   7    1997.542      364.34
1997   8    1997.625      362.20
1997   9    1997.708      360.31
1997  10    1997.792      360.71
1997  11    1997.875      362.44
1997  12    1997.958      364.33
1998   1    1998.042      365.18
1998   2    1998.125      365.98
1998   3    1998.208      367.13
1998   4    1998.292      368.61
1998   5    1998.375      369.49
1998   6    1998.458      368.95
1998   7    1998.542      367.74
1998   8    1998.625      365.79
1998   9    1998.708      364.01
1998  10    1998.792      364.35
1998  11    1998.875      365.52
1998  12    1998.958      367.08
1999   1    1999.042      368.12
1999   2    1999.125      368.98
1999   3    1999.208      369.60
1999   4    1999.292      370.96
1999   5    1999.375      370.77
1999   6    1999.458      370.33
1999   7    1999.542      369.28
1999   8    1999.625      366.86
1999   9    1999.708      364.94
1999  10    1999.792      365.35
1999  11    1999.875      366.68
1999  12    1999.958      368.04
2000   1    2000.042      369.25
2000   2    2000.125      369.50
2000   3    2000.208      370.56
2000   4    2000.292      371.82
2000   5    2000.375      371.51
2000   6    2000.458      371.71
2000   7    2000.542      369.84
2000   8    2000.625      368.20
2000   9    2000.708      366.91
2000  10    2000.792      366.99
2000  11    2000.875      368.33
2000  12    2000.958      369.67
2001   1    2001.042      370.52
2001   2    2001.125      371.49
2001   3    2001.208      372.53
2001   4    2001.292      373.37
2001   5    2001.375      373.83
2001   6    2001.458      373.18
2001   7    2001.542      371.57
2001   8    2001.625      369.63
2001   9    2001.708      368.16
2001  10    2001.792      368.42
2001  11    2001.875      369.69
2001  12    2001.958      371.18
2002   1    2002.042      372.45
2002   2    2002.125      373.14
2002   3    2002.208      373.94
2002   4    2002.292      375.00
2002   5    2002.375      375.65
2002   6    2002.458      375.50
2002   7    2002.542      374.00
2002   8    2002.625      371.83
2002   9    2002.708      370.66
2002  10    2002.792      370.51
2002  11    2002.875      372.20
2002  12    2002.958      373.71
2003   1    2003.042      374.87
2003   2    2003.125      375.62
2003   3    2003.208      376.48
2003   4    2003.292      377.74
2003   5    2003.375      378.50
2003   6    2003.458      378.18
2003   7    2003.542      376.72
2003   8    2003.625      374.31
2003   9    2003.708      373.20
2003  10    2003.792      373.10
2003  11    2003.875      374.64
2003  12    2003.958      375.93
2004   1    2004.042      377.00
2004   2    2004.125      377.87
2004   3    2004.208      378.73
2004   4    2004.292      380.41
2004   5    2004.375      380.63
2004   6    2004.458      379.56
2004   7    2004.542      377.61
2004   8    2004.625      376.15
2004   9    2004.708      374.11
2004  10    2004.792      374.44
2004  11    2004.875      375.93
2004  12    2004.958      377.45
2005   1    2005.042      378.47
2005   2    2005.125      379.76
2005   3    2005.208      381.14
2005   4    2005.292      382.20
2005   5    2005.375      382.47
2005   6    2005.458      382.20
2005   7    2005.542      380.78
2005   8    2005.625      378.73
2005   9    2005.708      376.66
2005  10    2005.792      376.98
2005  11    2005.875      378.29
2005  12    2005.958      379.92
2006   1    2006.042      381.35
2006   2    2006.125      382.16
2006   3    2006.208      382.66
2006   4    2006.292      384.73
2006   5    2006.375      384.98
2006   6    2006.458      384.09
2006   7    2006.542      382.38
2006   8    2006.625      380.45
2006   9    2006.708      378.92
2006  10    2006.792      379.16
2006  11    2006.875      380.18
2006  12    2006.958      381.79
2007   1    2007.042      382.93
2007   2    2007.125      383.81
2007   3    2007.208      384.56
2007   4    2007.292      386.40
2007   5    2007.375      386.58
2007   6    2007.458      386.05
2007   7    2007.542      384.49
2007   8    2007.625      382.00
2007   9    2007.708      380.90
2007  10    2007.792      381.14
2007  11    2007.875      382.42
2007  12    2007.958      383.89
2008   1    2008.042      385.44
2008   2    2008.125      385.73
2008   3    2008.208      385.97
2008   4    2008.292      387.16
2008   5    2008.375      388.50
2008   6    2008.458      387.88
2008   7    2008.542      386.43
2008   8    2008.625      384.15
2008   9    2008.708      383.09
2008  10    2008.792      382.99
2008  11    2008.875      384.13
2008  12    2008.958      385.56
2009   1    2009.042      386.94
2009   2    2009.125      387.42
2009   3    2009.208      388.77
2009   4    2009.292      389.44
2009   5    2009.375      390.19
2009   6    2009.458      389.45
2009   7    2009.542      387.78
2009   8    2009.625      385.92
2009   9    2009.708      384.79
2009  10    2009.792      384.39
2009  11    2009.875      386.00
2009  12    2009.958      387.31
2010   1    2010.042      388.50
2010   2    2010.125      389.94
2010   3    2010.208      391.09
2010   4    2010.292      392.52
2010   5    2010.375      393.04
2010   6    2010.458      392.15
2010   7    2010.542      390.22
2010   8    2010.625      388.26
2010   9    2010.708      386.83
2010  10    2010.792      387.20
2010  11    2010.875      388.65
2010  12    2010.958      389.73
2011   1    2011.042      391.25
2011   2    2011.125      391.82
2011   3    2011.208      392.49
2011   4    2011.292      393.34
2011   5    2011.375      394.21
2011   6    2011.458      393.72
2011   7    2011.542      392.42
2011   8    2011.625      390.19
2011   9    2011.708      389.04
2011  10    2011.792      388.96
2011  11    2011.875      390.24
2011  12    2011.958      391.83
2012   1    2012.042      393.12
2012   2    2012.125      393.60
2012   3    2012.208      394.45
2012   4    2012.292      396.18
2012   5    2012.375      396.78
2012   6    2012.458      395.82
2012   7    2012.542      394.30
2012   8    2012.625      392.41
2012   9    2012.708      391.06
2012  10    2012.792      391.01
2012  11    2012.875      392.81
2012  12    2012.958      394.28
2013   1    2013.042      395.54
2013   2    2013.125      396.80
2013   3    2013.208      397.31
2013   4    2013.292      398.35
2013   5    2013.375      399.76
2013   6    2013.458      398.58
2013   7    2013.542      397.20
2013   8    2013.625      395.15
2013   9    2013.708      393.51
2013  10    2013.792      393.66
2013  11    2013.875      395.11
2013  12    2013.958      396.81
2014   1    2014.042      397.81
2014   2    2014.125      397.93
2014   3    2014.208      399.62
2014   4    2014.292      401.34
2014   5    2014.375      401.88
2014   6    2014.458      401.20
2014   7    2014.542      399.04
2014   8    2014.625      397.10
2014   9    2014.708      395.35
2014  10    2014.792      395.95
2014  11    2014.875      397.27
2014  12    2014.958      398.85
2015   1    2015.042      399.98
2015   2    2015.125      400.28
2015   3    2015.208      401.54
2015   4    2015.292      403.28
2015   5    2015.375      403.96
2015   6    2015.458      402.80
2015   7    2015.542      401.31
2015   8    2015.625      398.93
2015   9    2015.708      397.63
2015  10    2015.792      398.29
2015  11    2015.875      400.16
2015  12    2015.958      401.85
2016   1    2016.042      402.52
2016   2    2016.125      404.04
2016   3    2016.208      404.83
2016   4    2016.292      407.42
2016   5    2016.375      407.70
2016   6    2016.458      406.81
2016   7    2016.542      404.39
2016   8    2016.625      402.25
2016   9    2016.708      401.03
2016  10    2016.792      401.57
