	  YEAR				      SEA_LEVEL	
   0  12  1993.0416260    458154 333208.19    -17.37    
   0  25  1993.3947754    466764 336670.81    -15.35    
   0  37  1993.7208252    409824 302506.31    -10.00    
   0  48  1994.0196533    469893 339860.09    -10.42    
   0  60  1994.3455811    469529 339256.09    -12.92    
   0  74  1994.7259521    449120 331544.69     -6.84    
   0  85  1995.0247803    466769 337298.59     -5.66    
 999  97  1995.3507080    474995 348289.00    -17.01    
   0 110  1995.7039795    454160 334927.69     -3.97    
   0 121  1996.0028076    452302 325666.59     -8.26    
   0 132  1996.3007812    466363 335738.50    -11.69    
   0 147  1996.7071533    437683 324277.00     -1.19    
   0 158  1997.0051270    471131 340237.41     -6.05    
   0 169  1997.3039551    465711 335056.69     -8.44    
   0 184  1997.7114258    449076 332074.91     10.29    
   0 195  1998.0102539    462536 335414.41      0.32    
   0 206  1998.3090820    458206 330618.91      4.32    
   0 220  1998.6894531    442749 328676.69      4.68    
   0 233  1999.0426025    465600 336742.19      4.70    
   0 244  1999.3414307    464032 335065.09      1.13    
   0 257  1999.6945801    452886 335724.41      9.29    
   0 269  2000.0205078    461724 335283.09      7.29    
   0 280  2000.3186035    462874 334622.31      5.33    
   0 295  2000.7249756    436537 324071.31     14.93    
   0 306  2001.0230713    463792 334557.31      9.59    
   0 317  2001.3217773    464861 336458.09      9.93    
   0 331  2001.7021484    445532 328714.41     23.81    
   0 342  2002.0009766    464585 336926.81     18.48    
   0 354  2002.3270264    458285 331448.09     12.59    
   0 368  2002.7072754    460556 339624.81     22.88    
   0 381  2003.0604248    468429 339084.31     22.18    
   0 391  2003.3321533    473980 342720.00     16.57    
   0 405  2003.7124023    418963 309579.50     24.82    
   0 416  2004.0112305    479881 347313.91     21.14    
   0 428  2004.3363037    478227 345753.31     17.27    
   0 442  2004.7156982    456196 338895.00     31.48    
   0 453  2005.0136719    481076 348240.00     22.62    
   0 464  2005.3125000    474062 341494.81     21.60    
   0 479  2005.7199707    265906 196883.20     34.02    
   0 491  2006.0460205    479119 346826.31     24.93    
   0 502  2006.3448486    471673 340644.50     21.60    
   0 516  2006.7252197    446463 331738.81     37.60    
   0 527  2007.0240479    476592 344034.19     28.92    
   0 538  2007.3227539    471372 340701.00     27.11    
   0 553  2007.7303467    460477 341035.69     33.59    
   0 563  2008.0019531    476403 344635.31     27.67    
   0 575  2008.3270264    468622 338374.81     22.12    
   0 589  2008.7062988    459186 339414.91     34.69    
   0 600  2009.0043945    480430 347103.50     33.03    
   0 612  2009.3303223    459498 331986.00     30.92    
   0 626  2009.7106934    456814 339654.09     44.71    
   0 637  2010.0095215    479416 346136.91     38.11    
   0 648  2010.3083496    474328 342895.69     35.80    
   0 663  2010.7158203    455951 339541.00     39.77    
   0 674  2011.0146484    477697 346657.41     33.34    
   0 685  2011.3134766    475247 344014.50     29.30    
   0 699  2011.6938477    461614 341738.59     42.03    
   0 711  2012.0197754    477058 345679.81     43.52    
   0 722  2012.3177490    473284 342866.31     40.70    
   0 738  2012.7512207    457404 338412.19     55.55    
   0 748  2013.0222168    480429 347401.09     50.60    
   0 759  2013.3210449    474160 342501.41     46.88    
   0 773  2013.7014160    231392 173069.41     51.16    
   0 784  2014.0002441    474719 344467.59     50.90    
   0 796  2014.3261719    416895 300105.19     44.99    
   0 810  2014.7065430    453181 337320.09     57.28    
   0 821  2015.0053711    476476 345514.50     52.81    
   0 833  2015.3312988    469216 338922.31     57.00    
   0 847  2015.7116699    461318 342468.31     70.04    
   0 858  2016.0104980    475082 343365.50     62.24    
   0 870  2016.3355713    472327 340908.00     60.78    
   0 878  2016.5523682    464660 340946.59     62.63    
